10159
10588
10798
10804
11097
11506
1225
1313
14980
14986
1507
15332
16319
16474
18875
19051
19091
19494
19604
19763
2291
3850
3890
3902
3904
3924
4132
4418
4509
5090
5099
5167
5193
5256
5263
5308
5486
5531
5536
5587
5598
5789
5847
5877
6245
6261
6403
6439
6692
6712
6750
6790
6818
7118
7819
7859
7995
8293
8295
8386
8387
8394
8420
9143
9196
9230
9306
9340
9487
9896
9919
10101
11591
15333
16641
17147
19040
19053
19075
19100
19463
19480
19597
2049
2733
3867
3986
4148
4348
4357
4412
4456
4458
4508
4580
4615
4805
4813
4914
4927
4938
4958
4959
5271
5396
5540
5721
5723
5769
5807
5906
5981
6153
6161
6219
6383
6390
6407
6529
6705
6728
6827
6955
7101
7246
7272
7473
749
7590
7879
7939
8047
8240
8382
9095
9180
9192
9260
9925
9960
10105
10799
10803
11033
11039
11456
11503
12234
1315
14921
14979
15900
15943
16677
16813
17739
1879
19039
19459
19585
2227
2323
2399
2532
3845
3851
3869
3874
3875
3942
3993
3995
4014
4100
4116
4131
4203
4361
4419
4506
4524
456
4579
4639
4726
4751
4756
4763
477
4794
4891
4934
4971
5059
5109
5128
5250
5359
5422
5593
5601
5605
5611
5628
5652
5679
5710
5715
5724
5738
5747
5749
5756
5761
5762
5767
5768
5814
5868
5871
5951
5953
6142
6290
6346
6374
6523
6570
6577
6653
6700
6723
6769
6816
6908
6944
6946
6963
6974
6986
7102
7582
7587
7952
8113
8195
8292
8328
8372
8407
8456
8496
8565
8879
8899
8958
8965
8976
9097
9108
9748
9897
10215
10258
10363
1041
10573
11455
11471
11504
11505
1371
14758
14916
16058
17223
17336
17646
17649
1882
189
19479
1964
2345
2440
2618
2628
2774
3931
3985
3996
4023
4039
4086
4147
4149
4175
4181
4201
4205
4245
4272
4322
4324
4423
4425
4428
4450
4502
4526
4636
4734
4808
4882
4895
4896
4901
4904
4909
4941
4944
4945
4952
4978
4997
5000
5013
5028
5089
5105
5123
5162
5291
5297
5318
5433
5489
5555
5571
5577
5614
5646
5648
5665
5673
5719
5730
5734
5745
5779
5799
5818
5821
5828
5834
5850
5861
596
5974
6199
6210
6227
6228
6308
6312
6318
6349
6362
6371
6392
6603
6672
6696
6762
6792
6797
6843
6877
6905
6947
6968
6985
7010
7157
778
7813
7829
7843
7852
7875
7948
8073
8209
8218
8250
8259
8324
8363
8392
8404
8449
844
8512
8524
8554
8558
8563
86
8916
8937
8949
8963
8970
8979
9209
9211
9537
985
9904
9970
10542
10562
10801
10983
11042
11459
1212
140
15251
1690
1732
17342
179
18807
188
1909
19255
19656
2150
2727
2
302
356
377
3879
3937
3972
3976
4018
4057
4083
4113
4114
4127
4144
4199
4454
4507
4729
4821
4844
4883
4893
4935
4946
4967
4976
4995
5001
5069
5125
5139
5198
5339
5392
5400
5412
5437
5544
5556
5570
5585
5618
5638
5658
5735
5848
5853
5950
5971
5992
6184
6226
6256
6310
6316
6329
6368
6401
6501
6566
6698
6706
6724
6805
6811
682
6845
6855
6856
6935
6979
7000
7115
7248
7937
7955
7994
8015
8028
8125
8222
8249
824
8369
8418
8485
852
8534
9224
9288
9300
9754
9907
9914
10245
10253
10294
10565
10578
11032
1115
11447
11499
11502
1301
1474
14915
14929
16048
16525
16535
17070
18027
1894
19066
19109
19257
19457
1999
2297
2786
282
288
3854
3868
3891
3901
3932
3950
3953
3968
4088
4092
4111
4117
4159
4173
4221
4298
4301
4386
4387
4499
4511
4515
4595
4743
4784
4789
4802
4834
4843
4961
4962
4963
4980
5114
5115
5136
5179
5188
5217
5226
5249
5322
5417
5443
5449
5469
5478
5534
5630
5645
5657
5682
5683
5687
5752
5777
5786
5788
5838
5865
5888
5962
5968
6115
6137
6185
6215
6218
6315
6373
6432
656
6576
6602
6628
6645
6677
6679
6732
6734
6737
6739
6743
6761
6776
6803
6820
683
6952
6962
6966
6969
6996
7110
7113
7212
7273
7499
7586
782
7855
7899
7911
7925
7931
8009
8029
8208
8219
8225
8226
8368
8439
8441
8545
8560
8586
8928
8966
9102
9109
9120
9128
9136
9195
9548
9749
9893
10116
10161
1088
10976
11343
11450
1149
1259
13176
1370
1467
14933
16482
16693
16775
1773
19529
19755
228
2357
2371
2480
2758
322
3975
4004
4016
4020
4089
4099
4169
4246
4285
4304
4385
4388
4400
4410
4490
4498
4512
4514
4588
4837
4894
5040
5101
5112
5164
5237
5342
5378
5473
5484
5567
5586
5627
5631
5644
5649
5653
5684
5686
5690
5698
5711
5736
5748
5784
5823
5835
5889
5973
6002
6033
6127
6136
6259
6338
641
6458
6567
6596
6620
6641
6655
6741
6748
6772
6854
6953
6980
7128
7141
7269
7477
7503
7589
7810
7823
7824
7917
7961
8041
8106
8107
8123
8203
8236
8255
8385
8393
8412
8435
8487
8501
8762
8932
8947
9087
9365
9699
9744
988
99
10023
10113
10167
10289
10378
10379
10967
10982
10986
10987
11345
11446
11448
11453
1415
15301
16523
17422
17489
1765
1880
19146
19274
19456
19589
19774
2194
2205
225
2284
2420
2546
3864
3872
3893
3936
3949
398
4015
4048
4079
4179
428
4306
4316
4365
4377
4399
4582
4637
4719
4759
4771
4778
4798
4840
4899
4906
4940
4950
4968
4973
5004
5024
5058
5113
5152
5161
5236
5388
5446
5460
5468
5504
5558
5604
5609
5659
5676
5692
5770
5774
5804
5824
5836
5993
601
613
6157
6225
6250
6322
6365
6366
6369
6434
6447
6589
6632
6691
6701
6751
6763
6768
6841
6851
6973
7109
7125
7130
7149
7236
746
7493
7495
7905
7906
7912
7918
7932
7993
8000
8096
8117
8316
8427
8447
8519
8599
8934
9012
9116
9132
9250
9251
9287
9296
9337
9360
9463
9746
9903
9913
9917
9996
10110
10198
10241
10287
1030
10381
10568
10583
10946
10984
10989
10995
1124
1147
121
1378
14885
14924
15249
15338
15467
16004
16020
1604
16424
16476
16486
16696
16812
1700
17027
17359
17967
18197
19073
19444
2355
2487
30
330
37
3855
3876
3930
4031
4101
4126
4217
4227
4247
4260
4280
4323
4364
4372
4396
4510
455
4583
467
4705
4710
4740
4799
4903
4957
4996
5015
5030
5054
5144
5154
5183
5184
5185
5275
5299
5440
5444
5492
5538
5561
556
5573
5608
5650
5677
5694
5713
5751
5833
5855
5948
598
6005
6129
6188
6220
6347
6437
6504
6680
6683
6725
6786
6787
6796
6842
6847
6865
6943
6954
7098
7132
7159
7165
7244
7259
7267
7277
7286
7498
7585
7833
7846
7909
8005
8116
8198
8228
8246
8355
8383
8396
8403
8428
8429
8446
8505
8610
8612
8773
8903
8956
8969
9164
9223
9810
9894
10087
10100
10590
1094
10993
11452
11454
11472
15261
15280
15469
15892
16016
16075
1619
16469
16531
18089
18887
19147
19506
19698
2256
244
2677
2692
311
3910
3945
3998
4060
4097
4106
4130
4178
4185
4198
4241
4265
4302
4398
4504
4505
4581
45
4744
4795
4812
4913
4917
4974
4987
5068
512
5132
5138
5148
5158
5252
5345
5346
5374
5389
5390
5420
5432
5477
5480
5533
5535
5537
5563
5578
5632
5642
5647
5663
5670
5674
5693
5720
5733
5740
5793
5832
5964
6044
6119
6131
6141
6151
6231
6267
6268
6284
6321
6337
6377
6433
6448
6453
6633
6660
6670
6684
6709
6806
6850
6852
6868
6872
6875
6956
6975
7114
7127
7135
7151
7153
7251
7490
7830
7914
7921
7929
7946
7981
8019
8039
8119
8212
8352
8444
8498
8541
8548
8887
8926
8936
8962
8972
8974
9005
9010
9098
9267
933
9526
9752
9973
10243
10805
10990
11000
1253
1426
14925
15326
16010
16411
16458
1696
17116
17488
18610
2030
2066
2102
23
2444
2479
2690
3856
3886
3894
3965
3971
4032
4041
4047
4065
4123
4125
4157
4163
4165
4194
4334
4380
4381
4382
4438
4472
4496
4541
4586
4724
4754
475
4769
4775
4845
484
487246
4888
4890
4911
4922
4942
4954
5008
5009
5021
5074
5107
5131
5137
5147
5150
5165
5234
5258
5259
5265
5269
5301
5312
5424
5447
5474
5551
557
560
5610
5678
5726
5744
5780
5800
5805
5817
5840
5843
584
5860
5979
5982
5996
6014
6138
6149
6177
6209
6233
6238
6254
6286
6289
6295
6297
6317
6342
6359
6402
6425
6515
6526
6561
6634
6656
6675
6682
6720
6721
6795
6800
6892
6896
6936
7067
7099
7112
7137
7152
7154
7268
7280
7581
7786
7857
7877
7923
7956
7964
796
7979
8038
8046
8059
80
8103
8367
8371
8408
8719
8861
8921
8942
8973
9086
9112
9210
9637
9756
10082
1130
1242
1436
15259
16019
16481
16500
16515
17085
17416
17490
2476
347
3842
3843
3896
3970
3983
4030
4053
4077
4124
4153
4202
43
4543
4590
487
4885
4965
4970
5006
5018
5034
5042
5051
5056
5078
5129
5156
5157
5192
5197
5225
5463
5479
5564
5579
5626
5635
5640
5643
5773
5820
5866
5963
5983
6116
6118
6134
6148
6193
6212
6221
6276
6420
6435
6550
6575
6585
6601
6614
6664
6711
6714
6742
6861
6978
6981
7283
7508
7584
765
7873
7913
7958
7996
8017
8022
8034
8124
8199
8229
8285
8351
8374
8415
8443
8445
8543
8551
8561
8567
8761
8769
8986
9088
9153
9275
10109
10196
10969
10977
14839
14978
16702
16703
17419
1821
19044
19049
19055
19071
19077
19588
2516
3848
3915
3919
3948
4011
4253
4292
4375
4793
4847
4900
4905
4912
4955
4992
5064
5094
5278
5315
5421
5545
5669
5722
5808
5858
5949
5966
5985
5989
6190
6213
6214
6409
6411
6414
6635
6636
6812
6821
6957
6958
7002
7131
7250
7270
7285
7880
7966
8031
8094
8115
8197
8379
8517
8603
8922
9161
9307
965
9901
10162
106
10997
1133
11451
11460
14992
17418
17977
19492
19584
19600
2361
2711
297
3881
3883
3982
4000
4002
4051
4110
4228
4232
4338
4362
4484
4531
4585
4624
4753
4757
4777
4930
5002
5029
5032
5077
5140
5169
5176
5200
5231
5253
5287
540
5419
5452
5456
5488
5620
5623
5639
5702
5728
5754
5757
5763
5766
5887
5896
6003
6143
6152
6217
6283
6320
6326
6331
6352
6358
6367
664
671
6783
6817
6822
6829
6833
6862
6867
6949
7260
7264
7274
7497
7510
7847
7853
7903
8012
8014
8077
8089
8111
8233
8262
8370
8405
8434
8453
8525
8594
8710
8764
8796
8940
8971
9017
9299
9745
9895
9905
10216
10295
10299
10586
11449
11462
11470
120
130
14693
15331
1591
16015
16052
16068
16076
16302
16410
17971
185
19052
19101
19104
191
19583
2081
2478
32
3865
3884
3940
3954
4026
4055
4176
4211
4215
4452
4457
4462
4587
4760
4761
4796
4884
4886
4994
5038
5049
5061
5065
5076
5083
5084
5121
5155
5181
5232
5313
5397
5414
5532
5543
5612
5625
5629
5655
5666
5742
5794
5802
5844
5872
5990
6121
6135
6160
6230
6232
6239
6274
6282
6387
6418
6591
6673
6716
6765
6830
6945
6961
7006
7008
7107
7111
7121
7134
7143
7241
7501
7820
7841
7977
7989
7990
8021
8082
8087
8101
8204
8266
8284
8326
8365
8401
8430
8467
8531
8699
8834
9003
9165
9232
9249
9285
9446
9755
9892
9912
9983
10257
10571
11341
15262
15337
15692
15991
16062
16064
16460
17211
19125
19145
19445
19446
19448
19451
19453
19465
19472
19493
19496
19518
2045
2084
235
386
3984
4005
4010
4061
4064
4076
4122
4270
4345
4461
4592
4605
4931
5022
5023
5026
5027
5033
5039
5072
5091
5097
5098
5239
5431
5451
5457
5530
554
5576
5584
5588
5589
5592
5594
5661
5667
5680
5681
5695
5785
5787
5791
5795
5884
5997
6004
6156
6194
6200
6205
6206
6235
6241
6262
6278
6343
6345
6355
6356
6404
6572
6582
6733
6745
6832
6835
6863
6940
7105
7108
7139
7147
7296
7297
7485
7491
7882
7884
7924
7934
8042
8045
8052
8055
8056
8063
8065
8088
8092
8099
841
8425
8437
8442
8476
8535
8552
8557
8566
8606
8925
8959
8967
8994
9100
9101
9113
9184
9256
9764
10142
10160
10247
10261
10265
10380
10808
1097
11480
15252
15468
16017
16055
16440
16584
17417
1847
19048
19084
19141
19165
19452
19495
272
3838
3974
3988
4052
4066
4069
4098
4156
4190
4360
4367
4374
4397
4485
4491
4500
4792
4943
4981
5025
5031
5063
5081
5082
5096
5100
5117
5126
5175
5273
5321
5454
5550
5552
5572
5685
5689
5781
5792
5885
6011
6201
6202
6251
6271
6277
6292
6436
6495
6498
6686
6699
6703
6781
6866
6880
7265
7281
773
7844
7876
7963
7976
8011
8023
8033
8054
8120
8122
8210
8235
8239
8288
8299
8391
8400
8411
8486
8977
9013
9070
9148
9167
9263
9264
9280
9359
9453
9915
11477
1262
14975
15250
16023
16459
16591
16666
17651
18168
18211
18603
19074
19102
19447
19460
19461
19464
19482
19574
19712
2002
3878
3887
3927
3961
3962
4070
4075
4188
4271
4278
4295
4376
4422
4532
4752
4762
4783
4811
4835
492
5014
5086
5088
5110
5142
5153
5166
5186
5220
5222
5272
5476
5565
5574
5595
5725
5782
5783
5830
5883
5893
6150
6154
6192
6237
6341
6361
6376
6631
6662
6665
6694
6828
6860
711
7271
7289
7496
7502
7850
7930
7957
7972
8024
8044
8078
8268
8380
8423
8424
8436
8478
8625
8753
8953
8960
9001
9103
9105
9156
9206
9213
9253
9255
9259
9270
9289
9315
9343
9485
9545
9828
9920
9921
11461
11500
1182
15328
15891
16053
16644
17071
17291
17371
17423
17492
18085
1846
19046
19056
19069
19079
19458
19497
19528
19591
19778
2116
2226
2662
3885
3938
3966
3980
4164
4166
4182
4193
4341
4359
4482
4501
4776
4820
4939
4999
5085
5093
5102
5127
5145
5174
520
5282
5560
5700
5741
5811
5894
5967
6010
6124
6128
6168
6247
6253
6258
6364
6410
6426
6430
6472
6473
6503
6663
6693
6891
6960
7040
7052
7097
7146
7275
7276
7282
7476
7851
7883
7901
795
7973
8001
8002
8004
8097
8220
8221
8231
8274
8286
8291
8364
8433
8440
8465
8491
8589
8820
8882
8950
8961
8980
9008
9014
9016
9183
9190
9229
9910
9911
10576
1058
10981
11036
1120
11457
15949
17914
18100
18886
19022
19043
19054
19078
19477
19582
1958
19651
19694
197
2091
3911
3967
3999
4003
4096
4119
4192
4196
4220
4282
4300
4363
4390
4604
4728
4907
4923
4984
5037
5053
5122
5143
5151
5160
5173
5337
5465
5562
5575
589
5972
6164
6175
6266
6293
6350
6382
6460
6560
6642
6681
6864
7009
7106
7129
7155
7257
7486
7488
7821
7971
8027
8035
8050
8093
8289
8388
8397
8413
8488
8528
8772
8888
9018
9110
9119
9140
9149
9178
9248
9274
9279
9294
9483
9486
10096
10151
10252
10290
10291
10581
1123
16063
16471
16593
1713
1748
17650
19476
19483
19510
2653
3921
3925
4007
4028
4151
4184
4347
4781
4951
5016
5057
5079
5210
5353
5370
5542
5553
5590
5633
5759
5790
5976
5987
6174
6186
6222
6291
6412
6424
6441
658
6661
6671
6690
6770
6808
7116
7126
7144
7256
7262
7263
7295
7919
7920
7942
7944
7960
7983
7991
7997
8040
8084
8086
8100
8283
8384
8398
8431
8464
849
8900
8955
9151
9187
9262
9462
9922
10250
10292
1056
10952
125
16014
16320
16464
17421
19037
19058
19059
19450
19462
19530
19531
19560
2153
2563
3857
3907
3944
4044
4080
4084
4093
4172
4284
4321
4503
4788
4822
4836
4928
4998
5043
5050
5073
5087
5159
5195
5230
5360
5366
5416
5459
5750
604
6178
6272
6273
6280
6299
6658
6848
6925
7104
7145
7150
7284
7288
7881
7938
7992
8048
8057
8095
8112
8114
8238
8242
8264
8298
8591
8767
8897
8902
9133
9222
9468
9520
9891
9918
10561
10985
1188
1409
14928
1540
16054
16061
16066
16674
17748
18185
18192
19050
19082
19083
19105
19121
19142
19256
19455
3877
4006
4091
4161
4493
4717
4915
4924
4929
4956
5062
5066
5070
5171
5708
5709
5772
5988
6163
6166
6167
6173
6182
6263
6296
6334
6375
6380
6593
6598
6640
6652
6689
6771
6794
7122
7124
7252
8201
8244
8247
8265
8373
8377
838
848
8587
8639
8917
9009
9177
9258
9283
9750
10104
10107
10264
13209
1560
15921
16480
18011
1844
19042
19062
19098
19103
19666
2599
2603
2609
2696
2768
3860
3889
3934
3952
4025
4183
4225
4310
4589
4635
4846
4892
4908
4920
4969
5035
5047
5080
5103
5240
5267
5309
5428
5438
5591
5597
5606
5696
5705
5776
5831
5842
5907
5984
6123
6144
6216
6823
7247
7902
7916
7928
7959
8025
8083
8375
8389
8390
8494
8574
8978
9089
9186
9528
9995
10293
10806
14840
15946
16317
17125
17170
17253
1803
1869
19045
19061
19070
19080
19092
19481
19674
3928
3963
3992
4108
4112
4143
4294
4297
4451
4494
4750
5172
5196
5668
5732
5803
5856
5892
6021
6145
6159
6249
6330
6388
6391
6639
6793
6838
6857
6965
6976
7085
7103
7303
7812
7891
7970
8026
8030
8036
8061
8214
8290
8353
8357
8378
8564
9074
9092
9291
9739
1181
1353
1475
14932
15997
16060
17370
17487
18108
18135
1816
18591
19087
1926
19271
1976
3908
3951
3989
4281
4289
4804
4936
4948
4972
4993
5052
5055
5060
5274
5280
5583
5607
5617
5651
5801
5815
6020
6122
6133
6170
6180
6191
6340
6396
6527
6826
6948
6972
7261
7817
7827
7986
8332
8366
8399
8482
8492
8510
8680
8866
9011
9071
9085
9093
9176
9221
9286
1028
10802
10980
11469
1299
1411
14931
1542
15458
15998
16468
16473
19060
19090
19595
348
3837
3859
3898
3909
3918
3946
3957
3958
3969
3978
4102
4160
4327
4339
4389
4518
4711
4736
4745
4747
4797
4829
4937
4953
4977
4979
4982
4985
4990
5067
5092
5305
5418
5557
5580
5654
5731
5753
5806
5810
581
5859
5970
608
6155
6189
6196
6302
6328
6568
6615
6626
6629
6951
6959
6989
7179
724
7487
761
7818
7953
8007
8032
8080
8110
8215
835
8395
8923
9308
9519
10557
10559
10968
11507
1318
14834
14927
16475
17030
1763
17735
19041
19064
19278
19484
2125
312
329
3844
3852
3858
3912
3913
3926
3941
3955
4012
4021
4071
4139
4219
4314
4495
4523
4578
4638
4643
4735
4741
4786
4887
4898
4921
4949
4966
5036
5106
5108
5124
5135
5146
517
5187
5199
5347
5429
5445
5541
5569
5603
5641
5701
5729
5826
5827
5857
6279
6304
6419
6421
649
6604
6649
6766
6825
6869
7148
7266
7511
7583
7811
7910
7940
7951
7985
8016
811
8376
8417
8421
8509
8576
8577
8909
8915
8927
9015
9091
9114
9123
9227
974
9807
9898
9902
10163
10589
10978
11596
1573
16049
16050
16065
16082
16478
19063
19537
2422
2436
2504
276
306
4046
4257
4277
4336
4439
4712
4716
4755
4780
4889
4918
4986
5118
5119
531
5423
5425
5442
5471
5548
5549
5559
5599
5656
5662
5839
5956
5957
6132
6165
6413
6627
6648
6789
6815
6906
6939
6971
6988
715
7492
757
7806
7816
7908
7947
7974
8074
8098
8102
8126
8287
8450
8736
8904
8975
9208
9456
9908
10244
10256
10351
10797
1098
11013
11468
11508
14874
1615
1636
17719
2106
2132
2633
2744
3849
3863
3871
3895
3905
3914
3929
3960
3997
4094
4135
4136
4177
4206
4207
4237
4290
4368
4384
4603
4758
4817
4910
4926
4933
4947
4964
4975
5005
503
5048
5071
5104
5134
5205
5260
5316
5539
5568
5581
5600
5602
5707
5714
5718
5727
5743
5775
5778
5797
5829
5901
6130
6207
6242
6294
6325
6457
6502
6647
6669
6715
6726
6759
6764
705
77
7822
7832
783
7907
7965
8108
8409
8414
8484
8595
8605
8906
8952
8957
9126
9254
9309
969
9998
10349
1051
1080
10949
16013
16318
18170
1841
19777
2348
2387
2486
2678
2707
2945
3840
3846
3866
3880
3897
3903
3916
3939
3943
4001
4068
4174
4249
4317
4379
4394
4406
4427
4730
4738
4764
4770
4801
4919
4960
4988
4989
5003
5007
5248
535
5455
5596
5619
5671
5704
5706
5798
5812
5816
5819
5851
5955
6117
6171
6179
6236
6244
6327
6348
6524
6528
6638
6643
670
6719
6926
6932
6998
7119
741
7922
7927
7949
7962
7980
8104
8105
8109
8118
8406
858
8778
8939
8954
8964
9019
10108
10165
10219
10248
10296
1121
11260
14930
14936
16056
16057
16316
16415
16502
1655
17965
19047
19508
1953
2562
2732
2776
292
359
3839
3841
3853
3873
38
3900
3917
3922
3935
3959
3979
4017
4087
4129
4378
4392
4513
4522
4718
4902
4983
5111
5120
5177
5229
5233
5427
5434
5435
5546
5566
5613
5621
5622
5636
5664
5716
5760
5841
58
5969
5998
6018
6139
6146
6147
6162
6300
6305
6323
6324
652
6707
6736
6819
6840
6878
6882
6895
6991
7004
7123
7138
7478
7588
774
776
7842
7854
7858
7904
7926
7943
7968
7987
7999
8060
8090
8091
8253
8256
827
8402
8410
8419
8426
8448
8656
8848
8919
8948
9073
9094
9121
9135
9158
9193
9906
9916